
state={
	id=103
	name="STATE_103"
	provinces={
		146 240 254 255 268 272 363 415 419 479 486 518 563 580 833 838 874 898 949 1001 1097 1150 1169 1207 1269 1285 1423 1440 1500 1546 1558 1609 1654 1748 1752 1769 1793 1795 1820 1854 1871 1879 1881 2037 2079 2122 2145 2147 2164 2217 2259 2321 2343 2378 2444 2454 2457 2492 2562 2635 2663 2671 2673 2683 2740 2745 2897 2939 2949 3002 3063 3077 3109 3112 3195 3197 3207 3313 3328 3383 3404 3433 3468 3496 3503 3590 3610 3663 3712 3839 3943 3952 3959 3995 4007 4031 4056 4075 4114 4117 4228 4295 4389 4403 4405 4429 4434 4480 4489 4490 4569 4580 4691 4700 4705 4760 4938 4951 4958 5009 5071 5176 5186 5190 5193 5219 5232 5295 5314 5345 5457 5557 5652 5655 5751 5899 5909 5983 6003 6022 6170 6174 6320 6355 6479 6504 6527 6589 6636 6797 6857 6874 6889 6953 6979 7035 7075 7082 7112 7175 7210 7256 7296 7376 7384 7397 7443 7461 7571 7576 7601 7651 7683 7750 7844 7947 7956 7957 8016 8089 8103 8157 8179 8263 8277 8327 8349 9540 9551 9554 9562 9576 9577 9584 9595 9599 9601 9611 9615 9621 9622 9642 9657 9681 9689 9691 9694 9707 9710 9729 9750 9762 9764 9777 9778 9795 9797 9810 9816 9819 9823 9832 9833 9854 9857 9870 9880 9890 9891 9913 9914 9931 9932 9937 9942 9953 9958 9994 9997 10029 10036 10054 10113 10133 10154 10177 10178 10223 10249 10262 10283 10284 10312 10313 10330 10362 10378 10385 10404 10410 10412 10438 10443 10464 
	}
	manpower=1
	buildings_max_level_factor=1.000
	state_category=town
	local_supplies=0.000
	history = {
		add_core_of = MUT
		start_resistance = MUT
		set_compliance = 0
		set_resistance = 25
		owner = B03
	}
}
