
state={
	id=107
	name="STATE_107"

	history = {
		add_core_of = MUT
		start_resistance = MUT
		set_compliance = 0
		set_resistance = 25
		owner = LON
	}

	provinces={
		25 337 356 388 550 602 615 749 1009 1344 1370 1484 1513 1555 1620 1809 1987 2138 2616 2633 2772 2952 3067 3095 3187 3380 3432 3489 3703 3748 3776 3977 4177 4230 4235 4422 4734 4818 5022 5209 5378 5401 5435 5436 5631 5845 6024 6062 6349 6473 6506 6600 6718 6722 6858 6925 7016 7558 7645 7661 7769 7867 7883 8119 8170 8322 9970 9985 10076 10078 10092 10118 10119 10125 10159 10162 10185 10186 10199 10236 10240 10251 10255 10263 10289 10290 10314 10323 10326 10338 10339 10372 10390 10411 10415 10423 10434 10503 10529 10560 10581 10595 10600 10639 
	}
	manpower=1
	buildings_max_level_factor=1.000
	state_category=town
	local_supplies=0.000
}
