
state={
	id=109
	name="STATE_109"

	history = {
		add_core_of = MUT
		start_resistance = MUT
		set_compliance = 0
		set_resistance = 25
		owner = B02
		
	}

	provinces={
		245 477 481 634 690 872 922 1006 1053 1124 1136 1453 1467 1548 1710 1712 1788 1877 1926 1931 2007 2009 2044 2102 2139 2212 2229 2386 2437 2522 2599 2766 2790 2816 2853 3740 3800 3909 4041 4215 4308 4375 4438 4462 4473 4526 4679 4699 4708 4844 4902 5118 5178 5320 5376 5554 5786 5811 6042 6074 6125 6182 6353 6365 6491 6496 6555 6708 6796 6830 6976 7040 7042 7096 7125 7195 7319 7335 7375 7408 7428 7462 7496 7577 7668 7736 7787 7836 7909 7926 8004 8015 8017 8198 8305 9603 9661 9695 9718 9745 9765 9775 9789 9793 9808 9817 9824 9828 9842 9844 9849 9858 9862 9863 9879 9885 9910 9916 9919 9921 9933 9936 9938 9947 9969 9981 10012 10061 10071 10104 10156 10161 10194 10210 10250 10304 10334 10370 
	}
	manpower=1
	buildings_max_level_factor=1.000
	state_category=town
	local_supplies=0.000
}
