
state={
	id=146
	name="STATE_146"
	provinces={
		60 148 324 342 351 403 434 480 529 629 692 702 811 830 836 862 877 900 943 993 997 1004 1039 1049 1111 1239 1288 1418 1439 1479 1529 1565 1572 1708 1890 2017 2051 2265 2275 2277 2412 2430 2446 2447 2488 2509 2529 2535 2553 2556 2606 2637 2751 2784 2823 3042 3071 3215 3222 3231 3236 3260 3266 3279 3312 3412 3423 3536 3577 3596 3616 3652 3667 3673 3853 3891 3906 3926 3946 3950 3996 4013 4076 4079 4132 4219 4234 4265 4386 4445 4557 4579 4667 4711 4784 4786 4796 4820 4849 4989 5015 5046 5049 5081 5101 5168 5230 5252 5354 5375 5520 5526 5560 5593 5596 5641 5653 5684 5730 5749 5765 5844 5863 5897 5975 5982 6005 6111 6126 6160 6178 6231 6245 6403 6472 6513 6523 6561 6607 6920 6997 7007 7043 7084 7118 7264 7269 7291 7326 7331 7403 7420 7447 7465 7579 7657 7688 7691 7707 7710 7713 7724 7797 7825 7846 7850 8204 8207 8312 8351 9951 9965 10004 10005 10010 10014 10018 10028 10041 10044 10049 10051 10077 10130 10150 10182 10202 10211 10237 10238 10252 10253 10285 10286 10291 10292 10293 10294 10318 10328 10331 10341 10380 10381 10382 10387 10429 10439 10458 10480 10484 10508 10509 10512 10519 10527 10533 10542 10549 10570 10585 10593 10640 10644 10668 10674 10681 10682 10694 10711 10731 10734 10735 10749 10761 10770 10772 10792 10796 10814 10819 10820 10866 10894 10919 10951 10979 10997 11026 11036 11037 
	}
	manpower=1
	buildings_max_level_factor=1.000
	state_category=town
	local_supplies=0.000
	history = {
		add_core_of = MUT
		start_resistance = MUT
		set_compliance = 0
		set_resistance = 25
		owner = MON
		
	}
}
