
state={
	id=152
	name="STATE_152"
	provinces={
		36 206 323 425 582 595 619 804 825 892 953 1008 1085 1164 1197 1290 1377 1400 1430 1501 1570 1847 1882 1939 1961 1999 2049 2069 2100 2162 2202 2283 2289 2424 2449 2472 2539 2557 2582 2628 2719 2739 2780 2792 2827 2881 2889 2890 2957 3053 3162 3163 3225 3264 3333 3435 3474 3562 3595 3611 3728 3734 3756 3789 3797 3799 3805 3818 3860 3863 3966 4021 4103 4171 4179 4191 4218 4245 4256 4298 4413 4435 4467 4491 4642 4650 4661 4662 4685 4698 4729 4836 4854 4857 4887 4932 4955 5116 5122 5137 5139 5362 5414 5443 5462 5477 5500 5545 5562 5639 5672 5685 5698 5760 5775 5875 5950 6010 6050 6076 6082 6107 6117 6157 6189 6193 6220 6225 6261 6388 6412 6437 6594 6616 6669 6768 6821 6823 6828 6846 6882 6899 6948 6963 6999 7032 7134 7208 7221 7228 7369 7475 7488 7575 7590 7608 7664 7682 7714 7729 7780 7814 7830 7843 7849 7851 7866 8141 8203 8267 8271 8298 8313 8343 9989 10038 10084 10085 10098 10101 10132 10174 10175 10197 10207 10259 10305 10307 10342 10351 10352 10360 10376 10391 10468 10469 10474 10481 10485 10492 10500 10501 10502 10506 10520 10528 10545 10546 10557 10569 10571 10576 10587 10588 10607 10608 10611 10624 10629 10636 10650 10660 10683 10689 10713 10720 10721 10725 10732 10742 10780 10785 10804 10842 10847 10863 10864 10867 10868 10888 10895 10902 10903 10910 10915 10935 10955 11001 11011 11013 11057 11063 12211 12212 12213 12214 12216 
	}
	manpower=1
	buildings_max_level_factor=1.000
	state_category=town
	local_supplies=0.000
	history = {
		add_core_of = MUT
		start_resistance = MUT
		set_compliance = 0
		set_resistance = 25
		owner = MON
		
	}
}
