
state={
	id=18
	name="STATE_18"
	provinces={
		234 350 354 355 556 644 731 783 809 882 896 1002 1033 1168 1173 1292 1312 1326 1426 1454 1541 1728 1742 1760 1784 1806 1941 2086 2111 2130 2547 2579 2666 2678 2774 2838 2874 2951 3000 3087 3267 3411 3438 3528 3639 3671 3687 3715 3879 3912 4000 4109 4167 4172 4355 4459 4488 4677 4696 4772 4791 4858 4873 4874 4968 5133 5260 5398 5460 5512 5566 5579 5669 5711 5807 5880 5934 5952 5978 5989 6033 6049 6094 6139 6143 6155 6328 6458 6484 6495 6497 6532 6608 6789 6916 6947 7014 7039 7053 7098 7102 7247 7360 7419 7544 7597 7623 7658 7743 7871 7910 8021 8084 8115 8191 8247 8254 8302 8310 8319 8633 8643 8646 8649 8658 8660 8666 8677 8690 8694 8697 8704 8716 8725 8741 8744 8748 8768 8771 8772 8776 8801 8810 8814 8824 8828 8849 8850 8855 8863 8878 8898 8904 8908 8914 8917 8918 8930 8937 8939 8940 8945 8950 8970 8975 8976 8988 8990 8994 8996 9005 9018 9020 9025 9026 9029 9032 9038 9039 
	}
	manpower=1
	buildings_max_level_factor=1.000
	state_category=town
	local_supplies=0.000
	history = {
		add_core_of = MUT
		start_resistance = MUT
		set_compliance = 0
		set_resistance = 25
		owner = MON
		
	}
}
