
state={
	id=19
	name="STATE_19"
	provinces={
		2 32 228 339 370 573 591 844 853 1223 1249 1259 1333 1402 1409 1521 1551 1578 1750 1797 1818 1821 1905 1993 2064 2103 2107 2113 2120 2124 2126 2131 2220 2251 2298 2379 2410 2520 2551 2572 2691 2851 2900 2907 2967 3006 3059 3206 3277 3382 3401 3409 3427 3466 3506 3509 3513 3606 3696 3698 3700 3719 3732 3784 3794 3876 3933 3951 3958 3963 4046 4066 4138 4302 4312 4394 4479 4506 4606 4608 4611 4655 4804 4853 4886 4916 5004 5013 5032 5061 5272 5304 5411 5447 5448 5450 5495 5499 5513 5523 5582 5780 5839 5949 5968 6065 6095 6098 6147 6158 6162 6216 6232 6248 6325 6457 6520 6543 6624 6633 6678 6717 6777 6799 6825 6826 6827 6938 6958 6973 7002 7159 7243 7313 7405 7454 7477 7524 7534 7605 7613 7618 7637 7653 7678 7690 7695 7754 7833 7961 8022 8116 8164 8200 8217 8219 8234 8235 8244 8268 8655 8657 8659 8665 8668 8670 8676 8682 8702 8706 8707 8709 8710 8722 8723 8727 8734 8735 8736 8746 8757 8786 8790 8803 8807 8808 8813 8815 8817 8829 8834 8848 8866 8868 8883 8885 8888 8902 8910 8911 8920 8922 8924 8929 8935 8938 8941 8948 8956 8958 8960 8963 8964 8971 8972 8973 8979 8980 8981 8984 8987 8998 9007 9008 9009 9016 9035 
	}
	manpower=1
	buildings_max_level_factor=1.000
	state_category=town
	local_supplies=0.000
	history = {
		add_core_of = MUT
		start_resistance = MUT
		set_compliance = 0
		set_resistance = 25
		owner = BAN
	}
}
