
state={
	id=193
	name="STATE_193"
	provinces={
		135 291 332 791 832 1247 1505 1648 1687 1781 1875 1976 1979 2065 2135 2176 2296 2305 2607 2704 2875 2926 3060 3068 3072 3103 3133 3304 3405 3522 3542 3568 3670 3758 3865 3947 3970 4204 4247 4433 4436 4813 4900 4944 4962 5244 5261 5302 5660 5724 5735 5798 5823 6016 6197 6305 6332 6389 6627 6655 7086 7361 7619 7622 7719 7994 8110 8135 8233 10550 10641 10665 10673 10676 10700 10704 10706 10708 10756 10774 10787 10798 10803 10826 10837 10843 10871 10932 10941 10952 10959 10977 10983 10984 11016 11055 11060 11078 11131 11153 
	}
	manpower=1
	buildings_max_level_factor=1.000
	state_category=town
	local_supplies=0.000
	history = {
		add_core_of = MUT
		start_resistance = MUT
		set_compliance = 0
		set_resistance = 25
		owner = MER
	}
}
