
state={
	id=219
	name="STATE_219"
	provinces={
		181 202 406 852 927 1271 1366 1413 1686 1737 1984 2269 2537 3120 3167 3252 3761 3825 4229 4336 4671 4907 5031 5151 5358 5463 5722 5881 5958 6131 6198 6358 6829 6841 6867 7382 7414 7497 7773 7854 7858 7894 10661 10666 10669 10670 10738 10762 10827 10907 11046 11149 11169 11170 11291 11367 11569 11622 11644 11662 11705 11802 
	}
	manpower=1
	buildings_max_level_factor=1.000
	state_category=town
	local_supplies=0.000
	history = {
		add_core_of = MUT
		start_resistance = MUT
		set_compliance = 0
		set_resistance = 25
		owner = M11
	}
}
