
state={
	id=220
	name="STATE_220"
	provinces={
		93 503 647 669 719 723 735 869 881 907 1061 1065 1075 1208 1215 1246 1252 1303 1358 1378 1380 1472 1525 1580 1590 1627 1649 1662 1675 1715 1753 1792 1897 1998 2071 2082 2335 2353 2383 2404 2421 2434 2474 2538 2619 2727 2803 2850 2878 2882 2884 2892 2928 2970 2973 2986 3046 3100 3174 3208 3294 3314 3345 3403 3459 3553 3600 3669 3713 3759 3798 3808 3939 3981 3984 4019 4098 4161 4268 4374 4472 4508 4561 4610 4665 4678 4750 4770 4800 4801 4837 4908 4911 5030 5044 5083 5107 5158 5170 5300 5313 5374 5532 5538 5628 5694 5708 5714 5736 5769 5774 5813 5965 6000 6001 6035 6063 6070 6112 6123 6152 6247 6260 6482 6517 6545 6632 6687 6748 6760 6784 7056 7062 7132 7147 7181 7202 7214 7229 7346 7385 7450 7491 7551 7596 7599 7791 7824 8033 8043 8113 8169 8178 8297 8314 10601 10615 10645 10651 10664 10699 10702 10712 10715 10733 10736 10739 10740 10743 10755 10766 10773 10781 10786 10832 10834 10875 10899 10906 10939 10958 10965 11010 11022 11040 11041 11049 11070 11085 11087 11088 11089 11093 11109 11136 11159 11165 11173 11180 11210 11236 11247 11255 11281 11298 11308 11309 11317 11336 11345 11359 11360 11364 11372 11399 11403 11409 11445 11459 11503 11512 11556 
	}
	manpower=1
	buildings_max_level_factor=1.000
	state_category=town
	local_supplies=0.000
	history = {
		add_core_of = MUT
		start_resistance = MUT
		set_compliance = 0
		set_resistance = 25
		owner = MON
		
	}
}
