
state={
	id=235
	name="STATE_235"

	history={
		add_core_of = MUT
		start_resistance = MUT
		set_compliance = 0
		set_resistance = 25
		owner = CLS

	}

	provinces={
		149 225 262 287 352 417 454 491 519 564 622 755 772 781 815 876 1090 1161 1187 1217 1221 1404 1496 1533 1574 1575 1650 1669 1746 1761 1778 1803 1804 1863 1935 1953 2002 2084 2209 2247 2287 2341 2349 2371 2429 2441 2498 2518 2528 2533 2567 2569 2631 2688 2709 2720 2759 2782 2843 2854 2862 2944 2954 2960 3023 3027 3055 3082 3125 3171 3175 3200 3203 3224 3280 3318 3429 3473 3535 3537 3570 3637 3656 3746 3752 3754 3755 3774 3786 3793 3852 3874 3887 3892 3910 3944 3979 4034 4059 4107 4135 4174 4287 4356 4370 4371 4425 4441 4498 4501 4513 4536 4589 4647 4684 4835 4941 5001 5183 5215 5356 5370 5390 5419 5514 5525 5634 5657 5797 5841 5883 5884 5979 5987 5998 6041 6048 6142 6146 6154 6172 6191 6202 6259 6347 6359 6367 6372 6401 6415 6468 6631 6652 6676 6690 6743 6747 6765 6769 6844 6855 6929 6949 7009 7078 7094 7103 7164 7216 7217 7232 7259 7262 7266 7284 7285 7294 7333 7337 7355 7386 7432 7459 7485 7493 7494 7505 7540 7546 7581 7638 7646 7660 7673 7677 7692 7718 7770 7779 7803 7820 7838 7859 7879 7928 7931 7954 7977 7980 8012 8024 8027 8040 8072 8086 8092 8132 8140 8147 8184 8201 8211 8212 8213 8225 8252 10809 10851 10883 10892 10901 10918 10921 10936 10937 10940 10943 10947 10961 10988 10998 11025 11042 11053 11056 11082 11115 11116 11132 11137 11164 11171 11175 11182 11192 11212 11213 11220 11225 11242 11243 11246 11256 11264 11265 11271 11276 11292 11305 11313 11319 11333 11337 11355 11368 11376 11396 11398 11430 11473 11511 11522 11551 11565 11575 11600 11614 11628 11632 11660 11666 11667 11707 11724 11727 11745 11761 11765 11800 11804 11816 11817 11824 11837 11855 11859 11862 11879 11884 11890 11901 11909 11918 11928 11947 11972 11974 11975 11976 11981 11988 11992 12002 12006 12009 12010 12033 12040 12043 12050 12054 12055 12057 12061 12084 12088 12092 12100 12102 12110 12111 12112 12115 12118 12119 12122 12125 12131 12133 12136 12139 12143 12145 12149 12151 12154 12155 12156 12160 12164 12171 12173 12174 12181 12186 12194 12218 12219 12220 12221 12222 12223 12224 12225 12226 12227 12228 12229 12230 12231 
	}
	manpower=1
	buildings_max_level_factor=1.000
	state_category=town
	local_supplies=0.000
}
