
state={
	id=244
	name="STATE_244"
	provinces={
		235 275 422 745 864 1020 1029 1205 1265 1323 1364 1462 1522 1547 1603 1613 1770 1834 1858 1893 1906 1946 1947 2042 2128 2129 2159 2161 2165 2358 2425 2526 2530 2545 2708 2713 2741 2742 2800 2842 2864 2943 3048 3062 3157 3213 3216 3305 3323 3331 3386 3421 3455 3497 3629 3640 3666 3678 3877 3903 3914 3937 3941 4130 4151 4222 4237 4291 4303 4376 4380 4404 4412 4415 4423 4444 4463 4470 4483 4518 4542 4559 4624 4639 4643 4646 4718 4822 4824 5138 5473 5492 5503 5533 5564 5647 5687 5731 5785 5809 5853 5928 5960 6069 6073 6075 6106 6129 6137 6226 6297 6338 6352 6413 6519 6547 6568 6635 6745 6833 6890 6935 6952 7008 7029 7049 7074 7119 7149 7163 7201 7268 7305 7349 7404 7458 7482 7495 7552 7565 7572 7663 7671 7700 7705 7738 7778 7799 7813 7921 7933 7966 7998 8120 8160 8162 8171 10859 10886 10887 10893 10897 10908 10949 10971 10978 10982 10985 10990 11006 11018 11020 11029 11035 11090 11091 11092 11099 11103 11107 11144 11176 11177 11179 11187 11193 11199 11208 11223 11239 11261 11272 11273 11293 11296 11322 11327 11329 11334 11356 11369 11383 11394 11406 11416 11420 11431 11434 11452 11483 11490 11505 11509 11519 11523 11524 11573 11576 11585 11592 11615 11661 
	}
	manpower=1
	buildings_max_level_factor=1.000
	state_category=town
	local_supplies=0.000
	history = {
		add_core_of = MUT
		start_resistance = MUT
		set_compliance = 0
		set_resistance = 25
		owner = OSO
	}
}
