
state={
	id=249
	name="STATE_249"
	provinces={
		526 566 760 873 905 974 1030 1147 1157 1199 1202 1301 1469 1508 1671 1744 1768 1965 2012 2090 2119 2225 2233 2381 2497 2506 2630 2724 2794 2841 2846 2855 2942 2946 2983 2988 3018 3058 3069 3080 3091 3104 3118 3143 3202 3235 3238 3297 3315 3326 3439 3490 3582 3584 3634 3689 3765 3775 3824 3846 3935 4025 4043 4094 4113 4195 4272 4285 4292 4364 4416 4475 4509 4539 4547 4572 4723 4759 4767 4779 4797 4802 4808 4812 4855 4860 4952 4964 4967 5017 5039 5102 5210 5233 5280 5307 5405 5482 5485 5496 5535 5611 5709 5734 5800 5846 5864 5918 5962 5977 5997 6023 6040 6100 6128 6177 6286 6289 6302 6336 6354 6375 6392 6418 6427 6469 6486 6671 6774 6787 6793 6806 6836 6848 6910 6930 6957 7025 7069 7076 7090 7138 7152 7180 7189 7267 7272 7321 7327 7412 7418 7614 7680 7709 7747 7763 7840 7861 7878 7902 7904 8054 8117 8134 8293 10881 10916 10930 10953 10970 10993 11003 11008 11012 11024 11034 11050 11068 11100 11111 11112 11125 11129 11141 11151 11154 11163 11189 11194 11197 11217 11222 11228 11233 11237 11241 11250 11251 11269 11278 11295 11299 11314 11328 11341 11350 11373 11389 11395 11419 11438 11439 11446 11469 11479 11488 11498 11526 11527 11536 11540 11559 11560 11562 11579 11582 11589 11634 11646 11690 11721 11722 11723 11735 11741 11747 11748 11763 11770 11781 11787 
	}
	manpower=1
	buildings_max_level_factor=1.000
	state_category=town
	local_supplies=0.000
	history = {
		add_core_of = MUT
		start_resistance = MUT
		set_compliance = 0
		set_resistance = 25
		owner = MIL
		
	}
}
