
state={
	id=292
	name="STATE_292"
	provinces={
		118 203 239 377 387 492 542 552 571 578 696 751 765 794 912 920 969 1135 1145 1353 1451 1512 1543 1579 1658 1674 1695 1704 1895 2167 2331 2384 2406 2699 2783 2822 3107 3196 3254 3259 3376 3515 3771 3803 3917 3948 4018 4058 4379 4410 4430 4496 4535 4704 4751 4774 4794 4833 4987 5006 5109 5110 5115 5147 5169 5171 5396 5418 5451 5558 5601 5717 5726 5744 5759 5817 5820 5832 5834 5848 5869 6120 6124 6212 6274 6316 6374 6393 6503 6548 6643 6733 6752 6775 6818 6888 6923 6950 7111 7154 7223 7253 7261 7265 7303 7322 7325 7483 7631 7662 7687 7768 7776 7794 7979 8073 8133 8281 8324 11484 11548 11567 11570 11657 11669 11699 11712 11732 11746 11757 11772 11777 11783 11788 11789 11793 11795 11811 11829 11840 11850 11851 11863 11880 11885 11894 11906 11907 11910 11921 11925 11927 11929 11945 11953 11954 11960 11982 11983 11985 11993 12007 12008 12024 12027 12030 12034 12046 12059 12068 12076 12078 12085 12101 12116 12120 12123 12137 12141 12157 12158 12177 12184 
	}
	manpower=1
	buildings_max_level_factor=1.000
	state_category=town
	local_supplies=0.000
	history = {
		add_core_of = MUT
		start_resistance = MUT
		set_compliance = 0
		set_resistance = 25
		owner = MON
		
	}
}
