
state={
	id=3
	name="STATE_3"
	provinces={
		20 51 57 125 127 158 184 208 315 331 358 369 392 478 496 523 525 554 570 576 587 597 605 613 621 661 662 705 758 770 799 867 879 887 893 897 908 909 918 923 936 957 1055 1058 1081 1116 1122 1158 1186 1231 1232 1256 1257 1298 1311 1341 1355 1369 1375 1397 1429 1456 1477 1482 1524 1538 1567 1582 1593 1598 1602 1618 1691 1692 1696 1749 1790 1824 1825 1859 1918 1925 1949 1950 1992 2005 2054 2066 2117 2125 2141 2155 2169 2207 2210 2245 2249 2250 2273 2282 2290 2294 2315 2338 2355 2374 2382 2391 2428 2464 2466 2475 2480 2505 2507 2513 2542 2550 2554 2563 2584 2597 2632 2642 2651 2660 2692 2698 2705 2728 2738 2744 2765 2770 2777 2807 2813 2819 2840 2847 2903 2955 2971 3013 3028 3036 3064 3066 3092 3093 3121 3144 3161 3178 3217 3228 3246 3285 3310 3341 3346 3348 3352 3379 3391 3398 3419 3424 3437 3441 3457 3475 3480 3495 3504 3514 3521 3525 3529 3551 3561 3581 3586 3607 3609 3635 3641 3644 3661 3672 3682 3686 3694 3695 3717 3737 3742 3780 3785 3828 3836 3842 3858 3883 3884 3894 3923 3925 3927 3940 3945 3961 3975 4038 4055 4081 4088 4089 4092 4101 4106 4123 4129 4149 4157 4165 4176 4181 4198 4220 4242 4254 4267 4279 4289 4290 4297 4299 4320 4324 4334 4350 4383 4385 4406 4418 4431 4451 4452 4453 4457 4476 4492 4505 4521 4525 4531 4558 4568 4575 4576 4599 4601 4609 4632 4644 4686 4707 4720 4738 4795 4821 4832 4865 4943 4947 4949 4966 4993 5051 5062 5068 5085 5121 5142 5152 5155 5189 5198 5201 5207 5231 5241 5251 5257 5263 5269 5273 5276 5334 5338 5350 5399 5400 5417 5426 5438 5455 5475 5490 5515 5516 5519 5528 5548 5565 5586 5609 5661 5666 5718 5719 5746 5756 5787 5827 5837 5850 5851 5872 5886 5893 5925 5931 5953 5966 5970 5993 6026 6032 6045 6046 6054 6055 6081 6084 6087 6161 6214 6265 6269 6273 6296 6307 6312 6341 6364 6373 6537 6553 6570 6574 6577 6578 6591 6628 6638 6662 6695 6697 6713 6721 6739 6749 6813 6837 6859 6872 6951 6961 6964 6981 6989 7080 7089 7107 7123 7182 7225 7238 7240 7246 7249 7287 7289 7290 7356 7364 7371 7406 7411 7415 7422 7423 7424 7434 7470 7478 7490 7612 7621 7625 7640 7659 7681 7699 7723 7735 7771 7792 7826 7862 7864 7870 7874 7892 7908 7917 7941 7943 7945 7955 7958 7976 7982 8010 8019 8035 8059 8069 8074 8078 8094 8105 8108 8112 8123 8137 8155 8208 8232 8239 8242 8286 8335 8345 8346 8354 8355 8356 8357 8358 8359 8360 8362 8363 8364 8365 8366 8369 8371 8372 8374 8376 8378 8379 8380 8381 8382 8384 8385 8386 8387 8389 8390 8391 8392 8394 8395 8398 8400 8401 8402 8404 8407 8408 8409 8414 8416 8423 8426 8427 8430 8434 8438 8440 8441 8442 8444 8445 8446 8449 8450 8452 8454 8455 8458 8459 8462 8463 8464 8466 8468 8470 8471 8472 8473 8474 8476 8478 8480 8481 8483 8484 8485 8489 8490 8492 8496 8498 8499 8502 8503 8504 8505 8509 8510 8512 8513 8518 8521 8527 8529 8533 8537 8538 8539 8540 8543 8546 8549 8550 8554 8555 8561 8562 8563 8565 8566 8567 8573 8582 8584 8593 8596 8602 8609 8610 8613 8614 8618 8619 8620 8621 8624 8625 8626 8628 8629 8630 8631 8634 8635 8636 8639 8642 8647 8653 8654 8661 8662 8663 8669 8683 8685 8686 8696 8698 8701 8705 8708 8711 8712 8713 8718 8720 8721 8726 8729 8730 8733 8737 8739 8743 8749 8750 8751 8752 8756 8759 8760 8762 8763 8765 8766 8770 8773 8774 8777 8778 8781 8782 8788 8789 8791 8793 8799 8805 8806 8809 8811 8821 8822 8825 8826 8827 8832 8833 8839 8840 8844 8845 8846 8856 8858 8859 8865 8869 8870 8874 8880 8881 8882 8887 
	}
	manpower=1
	buildings_max_level_factor=1.000
	state_category=town
	local_supplies=0.000
	history = {
		add_core_of = MUT
		start_resistance = MUT
		set_compliance = 0
		set_resistance = 25
		owner = M02
	}
}
