state={
	id=304
	name="STATE_304"
	provinces={
		759 843 946 1248 1250 1494 1504 1523 1738 1765 1771 1780 1850 1957 1969 2023 2035 2046 2078 2196 2215 2246 2364 2684 2938 2940 2999 3051 3124 3169 3210 3302 3390 3523 3544 3598 3646 3677 3704 3744 3835 3890 3908 3985 4288 4331 4382 4407 4421 4629 4631 4747 4856 4859 4937 5073 5094 5278 5437 5648 5882 5902 6002 6013 6088 6163 6387 6432 6526 6533 6571 6619 6679 6871 6914 7018 7093 7141 7215 7241 7413 7512 7522 7767 7842 7857 7925 8061 8142 8279 8291 8330 11633 11653 11701 11709 11739 11740 11743 11758 11762 11776 11796 11805 11806 11834 11841 11848 11857 11891 11903 11911 11920 11931 11937 11952 11957 11962 11984 11991 12012 12016 12022 12036 12060 12106 12121 12135 12146 12147 12161 12166 12170 
	}
	buildings_max_level_factor=1.000
        manpower=1
        state_category = town
		history = {
			add_core_of = MUT
			start_resistance = MUT
			set_compliance = 0
			set_resistance = 25
			owner = MER
			
		}
}
