
state={
	id=31
	name="STATE_31"
	provinces={
		116 732 1179 1245 1293 1427 1604 1783 1975 2074 2603 2747 2885 3005 3110 3276 3500 3565 3705 3745 3806 3810 3832 4005 4353 4395 4792 4881 4896 4906 5409 5574 5645 5891 5938 6199 6845 6902 6985 6995 7194 7772 7890 8280 9600 9610 9613 9627 9639 9648 9653 9664 9671 9672 9692 9701 9708 9725 9755 9756 9763 9766 9806 9809 9813 9820 9831 9845 9850 9851 9865 9884 9949 9974 9998 10022 
	}
	manpower=1
	buildings_max_level_factor=1.000
	state_category=town
	local_supplies=0.000
	history = {
		owner = B01
		add_core_of = LON
	}
}
