
state={
	id=317
	name="STATE_317"
	provinces={
		871 1149 1236 1241 1422 1448 1802 2205 2219 2436 2521 2833 2893 3113 3128 3177 3358 3526 3701 4090 4381 4400 4615 4617 4805 5105 5240 5259 5501 5668 5969 5996 6021 6201 6263 6288 6321 6430 6785 7071 7213 7492 7529 7537 7669 7918 8048 8176 8282 11617 11637 11643 11650 11655 11665 11670 11689 11717 11733 11734 11750 11751 11778 11801 11821 11849 11871 11875 11895 
	}
	manpower=1
	buildings_max_level_factor=1.000
	state_category=town
	local_supplies=0.000
	history = {
		add_core_of = MUT
		start_resistance = MUT
		set_compliance = 0
		set_resistance = 25
		owner = M04
	}
}
