
state={
	id=356
	name="STATE_356"
	provinces={
		21 328 420 514 521 534 805 808 848 849 924 941 994 1139 1182 1317 1319 1391 1393 1403 1416 1436 1458 1471 1491 1614 1622 1734 1898 1914 2006 2025 2047 2070 2180 2199 2288 2291 2292 2325 2326 2339 2342 2370 2372 2395 2431 2443 2459 2499 2536 2573 2626 2645 2677 2695 2715 2732 2787 2808 2826 2872 2879 2898 2969 2975 3014 3061 3193 3204 3212 3263 3290 3292 3295 3300 3320 3339 3479 3507 3560 3597 3612 3614 3654 3674 3738 3757 3788 3811 3862 4016 4024 4028 4033 4045 4048 4097 4192 4271 4280 4314 4365 4369 4516 4529 4540 4585 4600 4605 4633 4701 4754 4798 4846 4879 4892 5055 5088 5113 5131 5157 5187 5223 5225 5336 5359 5427 5488 5530 5547 5568 5673 5706 5720 5770 5865 5947 5959 6051 6116 6164 6183 6195 6210 6211 6271 6280 6333 6366 6407 6539 6657 6712 6812 6886 6894 6972 7044 7067 7077 7222 7235 7260 7352 7504 7521 7559 7563 7610 7708 7755 7815 7896 7964 7970 7985 7992 8060 8062 8215 8224 8317 8333 8347 11339 11404 11407 11414 11433 11435 11442 11451 11454 11463 11481 11497 11513 11525 11546 11557 11601 11605 11610 11624 11625 11640 11641 11648 11676 11692 11713 11714 11718 11742 11752 11769 11773 11775 11814 11818 11819 11820 11838 11839 11846 11852 11856 11866 11872 11874 11878 11881 11886 11898 11913 11917 11919 11933 11936 11941 11943 11950 11955 11969 11986 11989 12000 12001 12003 12004 12018 12020 12021 12025 12031 12039 12042 12056 12062 12070 12071 12083 12089 12093 12103 12113 12117 12130 12134 12138 12152 12153 12167 12175 12182 
	}
	manpower=1
	buildings_max_level_factor=1.000
	state_category=town
	local_supplies=0.000
	history = {
		add_core_of = MUT
		start_resistance = MUT
		set_compliance = 0
		set_resistance = 25
		owner = M07
	}
}
