state={
	id=5
	name="STATE_5"
	provinces={
		144 152 238 265 310 343 385 389 449 527 551 592 643 668 840 913 917 928 967 985 992 1012 1015 1153 1166 1289 1296 1299 1310 1345 1379 1452 1474 1478 1493 1606 1621 1747 1827 1851 1885 1911 1916 1945 1994 2001 2050 2089 2108 2143 2177 2226 2252 2267 2270 2293 2311 2322 2390 2408 2427 2442 2501 2590 2604 2690 2716 2717 2718 2737 2746 2797 2896 2915 2981 2982 3047 3088 3184 3190 3233 3247 3287 3316 3370 3452 3464 3554 3722 3809 3881 3885 3895 3899 3919 3991 4115 4211 4251 4262 4296 4311 4351 4360 4367 4372 4409 4426 4439 4471 4534 4630 4689 4722 4763 4811 4845 4848 4864 4979 5043 5076 5092 5099 5108 5160 5173 5191 5235 5242 5274 5325 5368 5382 5406 5424 5461 5498 5524 5597 5599 5623 5650 5729 5737 5755 5835 5840 5868 5878 5907 5920 5954 5990 5995 6079 6104 6144 6179 6185 6204 6268 6277 6304 6318 6356 6386 6398 6423 6572 6592 6597 6609 6615 6654 6656 6670 6673 6703 6709 6720 6740 6755 6794 6802 6805 6816 6876 6883 6885 6913 7038 7073 7083 7115 7140 7177 7196 7209 7226 7343 7400 7409 7431 7441 7499 7549 7689 7706 7721 7740 7744 7793 7944 7962 7973 7981 7995 8030 8075 8114 8125 8139 8172 8177 8186 8195 8229 8273 8301 8303 8368 8383 8388 8403 8406 8412 8413 8415 8417 8418 8419 8421 8422 8424 8431 8433 8435 8436 8437 8439 8443 8447 8456 8460 8465 8467 8477 8479 8482 8488 8491 8493 8500 8501 8507 8515 8516 8522 8523 8524 8525 8526 8528 8530 8534 8541 8545 8547 8548 8551 8557 8560 8568 8571 8574 8575 8577 8580 8583 8586 8587 8589 8590 8597 8599 8600 8601 8604 8605 8607 8622 8632 8638 8641 8648 8651 8652 8671 8674 8678 8680 8688 8691 8692 8732 8740 8745 8747 8754 8755 8761 8764 8767 8775 8784 8787 8792 8796 8800 8802 8804 8820 8830 8842 8861 8862 8871 8877 8879 8905 8932 8936 8942 8946 8969 8983 8999 9031 
	}
	buildings_max_level_factor=1.000
        manpower=1
        state_category = town
		history = {
			add_core_of = MUT
			start_resistance = MUT
			set_compliance = 0
			set_resistance = 25
			owner = M12
		}
}
