
state={
	id=55
	name="STATE_55"
	provinces={
		740 762 821 829 846 926 987 1084 1291 1399 1460 1549 1651 1684 1772 1800 1835 1840 1866 1912 2014 2015 2060 2142 2316 2323 2418 2423 2586 2791 2860 2911 2968 3074 3085 3097 3149 3330 3710 3726 3747 3920 3960 4169 4183 4185 4250 4306 4335 4477 4564 4641 4654 4663 4710 4761 4945 4954 5112 5297 5326 5440 5481 5581 5619 5656 5740 5757 5866 5887 5984 6171 6337 6408 6556 6716 6746 6926 6933 7104 7151 7169 7224 7270 7474 7526 7639 7655 7737 7749 7937 8194 8331 8338 9003 9022 9028 9033 9036 9057 9066 9071 9084 9089 9090 9107 9126 9132 9151 9155 9158 9163 9179 9198 9202 9204 9209 9220 9224 9227 9234 9236 9241 9250 9258 9262 9263 9266 9278 9279 9284 9298 
	}
	manpower=1
	buildings_max_level_factor=1.000
	state_category=town
	local_supplies=0.000
	history = {
		add_core_of = MUT
		start_resistance = MUT
		set_compliance = 0
		set_resistance = 25
		owner = MON
		
	}
}
