
state={
	id=59
	name="STATE_59"

	history={
		add_core_of = MUT
		start_resistance = MUT
		set_compliance = 0
		set_resistance = 25
		owner = M15

	}

	provinces={
		465 547 766 776 842 991 1088 1225 1340 1343 1373 1421 1489 1668 1832 1942 1968 2053 2075 2094 2116 2208 2243 2297 2303 2360 2451 2478 2543 2570 2577 2596 2656 2659 2701 2817 2977 3030 3101 3344 3416 3462 3516 3552 3559 3603 3659 3741 3770 3870 3998 4030 4039 4053 4073 4116 4122 4124 4173 4205 4213 4494 4519 4583 4657 4668 4765 4933 4953 5069 5080 5082 5135 5150 5153 5197 5234 5238 5275 5290 5305 5333 5360 5366 5576 5595 5602 5702 5833 5854 5879 5888 5910 5917 5930 5963 5988 6012 6031 6034 6159 6279 6314 6368 6390 6394 6456 6493 6558 6559 6714 6723 6764 6800 6852 6887 6915 7057 7064 7137 7248 7309 7399 7407 7570 7587 7675 7739 7777 7802 7804 7809 7869 7946 7967 8143 8199 8220 8249 8340 10890 10891 10912 10925 10933 10942 11017 11019 11048 11064 11072 11076 11095 11101 11113 11114 11120 11143 11157 11174 11181 11196 11198 11203 11214 11219 11224 11229 11259 11270 11279 11303 11312 11332 11357 11366 11379 11382 11401 11426 11428 11429 11448 11460 11461 11462 11472 11480 11492 11494 11500 11504 11510 11517 11521 11538 11541 11545 11564 11572 11580 11584 11619 11623 11652 11683 11691 11697 11726 11731 11749 11756 11767 11785 11810 11823 11842 11858 11869 11876 11883 11889 11900 11912 11916 11932 11934 11949 11966 11968 11971 11978 12005 12017 12032 12038 12049 12064 12065 12074 12075 12080 12090 12095 12104 12127 12132 12142 12144 12148 12159 12162 12163 
	}
	manpower=1
	buildings_max_level_factor=1.000
	state_category=town
	local_supplies=0.000
}
