
state={
	id=66
	name="STATE_66"
	provinces={
		151 250 276 376 695 775 841 911 975 1174 1178 1192 1334 1425 1470 1531 1573 1640 1693 2022 2039 2104 2168 2197 2239 2264 2314 2514 2524 2581 2618 2662 2802 2825 2861 2877 2995 3033 3049 3084 3089 3223 3327 3351 3563 3574 3658 3702 3708 3954 3968 4027 4147 4152 4160 4164 4259 4578 4584 4622 4626 4702 4713 4733 4766 4895 5301 5363 5468 5543 5556 5676 5776 5843 5874 5922 5964 6030 6044 6175 6188 6208 6219 6223 6228 6317 6331 6383 6406 6416 6505 6758 6781 6820 6831 6869 6996 7105 7117 7242 7263 7370 7435 7448 7455 7517 7538 7652 7818 7827 7837 7880 7924 7986 8098 8129 9043 9044 9046 9050 9052 9055 9061 9062 9068 9069 9077 9088 9093 9096 9103 9109 9110 9111 9120 9121 9131 9141 9142 9143 9159 9165 9166 9171 9181 9185 9196 9197 9205 9214 9215 9244 9249 9252 9256 9261 9268 9271 9274 9289 9292 9295 9299 9306 9307 9311 9317 9318 9327 9328 9342 9343 9351 9358 9362 9369 9376 
	}
	manpower=1
	buildings_max_level_factor=1.000
	state_category=town
	local_supplies=0.000
	history = {
		add_core_of = MUT
		start_resistance = MUT
		set_compliance = 0
		set_resistance = 25
		owner = MON
		
	}
}
