state={
	id=69
	name="STATE_69"
	provinces={
		107 359 453 600 637 663 678 693 717 820 826 901 980 1072 1287 1517 1550 1641 1652 1723 1732 1743 2087 2173 2198 2260 2274 2561 2622 2649 2685 2764 2820 2993 3016 3050 3102 3131 3244 3364 3487 3520 3530 3602 3662 3714 3733 3763 3787 3804 4047 4085 4187 4281 4326 4524 4562 4681 4790 4889 4980 5072 5111 5211 5322 5337 5384 5432 5632 5633 5710 5810 5944 6056 6276 6308 6351 6361 6420 6443 6560 6602 6637 7028 7097 7120 7142 7162 7173 7310 7359 7416 7519 7589 7644 7819 8190 8318 9100 9105 9119 9123 9125 9128 9129 9130 9135 9145 9147 9149 9154 9160 9167 9168 9170 9172 9177 9178 9199 9201 9229 9275 9314 9324 9326 9332 9336 9345 9346 9357 9363 9365 9366 9367 9373 9374 9379 9385 9394 9399 9407 9409 9413 9418 9421 9422 9433 9442 
	}
	buildings_max_level_factor=1.000
        manpower=1
        state_category = town
		history = {
			add_core_of = MUT
			start_resistance = MUT
			set_compliance = 0
			set_resistance = 25
			owner = M10
			victory_points = { 9229 50 }
		}
}
