
state={
	id=84
	name="STATE_84"
	provinces={
		31 122 165 326 338 402 424 470 506 516 583 586 687 713 721 773 802 863 868 890 921 942 947 982 1063 1138 1159 1198 1274 1300 1329 1342 1348 1376 1461 1511 1514 1552 1594 1608 1631 1646 1726 1777 1861 1872 1903 1917 1943 1948 1970 1977 2118 2228 2241 2262 2280 2420 2458 2614 2653 2670 2693 2734 2814 2818 2869 2917 2919 3031 3083 3098 3141 3172 3256 3293 3306 3337 3340 3361 3396 3410 3428 3469 3484 3492 3494 3531 3567 3731 3760 3792 3845 3901 3921 3924 3942 4029 4036 4049 4065 4070 4142 4184 4212 4223 4249 4258 4263 4269 4294 4300 4343 4345 4417 4437 4455 4468 4499 4541 4544 4574 4694 4788 4803 4823 4826 4834 4838 4862 4883 4885 4899 4929 4930 4960 5011 5119 5145 5184 5217 5221 5248 5258 5286 5348 5351 5353 5380 5454 5504 5527 5534 5604 5640 5663 5680 5696 5703 5704 5707 5712 5743 5758 5779 5806 5822 5895 5951 6043 6092 6097 6105 6110 6135 6138 6203 6256 6266 6275 6287 6300 6327 6385 6411 6419 6441 6444 6446 6451 6464 6466 6499 6552 6563 6567 6653 6658 6664 6668 6684 6693 6738 6742 6835 6840 6856 6906 7001 7005 7015 7041 7081 7091 7099 7106 7183 7239 7251 7295 7308 7323 7328 7392 7427 7451 7463 7480 7531 7545 7560 7604 7609 7620 7643 7720 7732 7810 7817 7835 7848 7863 7881 7882 7884 7899 7938 7940 8003 8046 8154 8163 8182 8251 8300 8944 9051 9281 9282 9287 9294 9302 9312 9320 9323 9329 9338 9347 9348 9356 9368 9372 9375 9386 9389 9393 9401 9417 9427 9429 9432 9439 9454 9455 9459 9460 9472 9474 9479 9493 9496 9500 9506 9520 9533 9534 9535 9537 9541 9564 9574 9592 9597 9617 9619 9620 9640 9652 9665 9693 9702 9730 9733 9739 9751 9767 9783 9838 9864 9867 9873 9888 9900 9906 9917 9925 9927 9929 9950 9960 9962 9963 9979 9999 10017 10048 10057 10066 10075 10121 10126 10127 10146 10170 10188 10190 10191 10221 10225 10269 10277 10288 10306 10335 10336 10354 10399 10413 10432 10435 10445 10452 10473 10490 10507 10524 10530 10552 10572 10596 10603 10605 12210 
	}
	manpower=1
	buildings_max_level_factor=1.000
	state_category=town
	local_supplies=0.000
	history = {
		add_core_of = MUT
		start_resistance = MUT
		set_compliance = 0
		set_resistance = 25
		owner = MON
		
	}
}
