state={
	id=86
	name="STATE_86"
	provinces={
		167 247 708 715 965 1441 1576 1663 1838 1981 2018 2092 2330 2348 2351 2558 2700 3999 4014 4037 4200 4346 4401 4484 4851 4901 5047 5312 5331 5551 5665 5693 5804 5857 5862 5873 5892 5991 6008 6134 6233 6295 6298 6311 6378 6485 6763 6780 7334 7452 7486 7516 7594 8049 8088 8153 9542 9555 9593 9649 9666 9724 9734 9776 9807 9829 9956 10009 10100 10165 10216 10297 10298 10386 
	}
	buildings_max_level_factor=1.000
        manpower=1
        state_category = town
		history = {
			add_core_of = MUT
			start_resistance = MUT
			set_compliance = 0
			set_resistance = 25
			owner = MON
			
		}
}
