state={
	id=87
	name="STATE_87"
	provinces={
		117 345 416 683 761 819 956 1388 1697 1709 1921 2004 2083 2136 2146 2268 2340 2399 2468 2761 2795 3015 3039 3052 3158 3229 3307 3377 3392 3657 3781 4069 4105 4154 4175 4201 4318 4546 4828 4867 5029 5194 5361 5415 5471 5630 5705 5824 5908 6241 6434 6450 6564 6620 6736 6815 6896 6919 6971 7034 7155 7258 7342 7365 7388 7417 7530 7636 7963 7989 8090 8221 9360 9431 9438 9441 9452 9478 9487 9489 9492 9512 9549 9571 9572 9573 9589 9604 9618 9626 9629 9630 9658 9660 9678 
	}
	buildings_max_level_factor=1.000
        manpower=1
        state_category = town
		history = {
			add_core_of = MUT
			start_resistance = MUT
			set_compliance = 0
			set_resistance = 25
			owner = B04
			victory_points = { 8221 50 }
		}
}
