state={
	id=93
	name="STATE_93"
	provinces={
		58 64 78 242 258 327 452 757 961 1034 1078 1103 1114 1229 1321 1338 1350 1481 1559 1591 1817 2063 2150 2171 2192 2363 2375 2470 2888 2918 3009 3029 3040 3076 3129 3173 3322 3373 3599 3623 3679 3707 3753 3801 3864 4017 4050 4091 4159 4283 4321 4469 4493 4621 4712 4714 4715 4730 4732 4773 4778 4809 4829 4840 4868 4890 4973 4978 5018 5021 5093 5148 5228 5379 5408 5433 5445 5517 5637 5654 5681 5721 5764 5911 6009 6059 6217 6246 6334 6512 6515 6613 6696 6706 7114 7187 7204 7336 7367 7433 7583 7585 7626 7752 7759 7765 7775 7783 7800 7841 7948 7952 8042 8146 8275 9408 9446 9451 9466 9467 9526 9568 9581 9582 9588 9590 9651 9662 9673 9676 9687 9735 9747 9759 9784 9818 9852 9874 9882 9907 9911 9939 9954 9964 9987 10059 10082 10099 10128 10171 10192 10257 10278 10308 10327 10345 10359 10363 10400 10403 10407 10453 10461 10466 10471 10478 10505 10511 10548 10561 10562 10567 10589 10592 10614 
	}
	buildings_max_level_factor=1.000
        manpower=1
        state_category = town
		history = {
			add_core_of = MUT
			start_resistance = MUT
			set_compliance = 0
			set_resistance = 25
			owner = MON
			
		}
}
