
state={
	id=99
	name="STATE_99"
	provinces={
		59 104 297 320 672 711 875 958 966 1126 1203 1243 1277 1332 1383 1384 1539 1617 1656 1741 1757 1829 1884 1907 1955 1971 2160 2172 2281 2319 2385 2471 2548 2552 2583 2602 2648 2665 2725 2733 2947 2953 3010 3038 3122 3188 3220 3359 3442 3445 3448 3518 3557 3575 3636 3655 3802 3854 3931 4083 4108 4145 4162 4216 4301 4390 4391 4446 4520 4545 4687 4727 4852 4982 4997 5052 5070 5097 5229 5288 5328 5403 5507 5509 5553 5662 5748 5941 6184 6293 6454 6509 6651 6660 6734 6791 6895 6900 6931 6954 7004 7019 7171 7205 7277 7298 7445 7550 7580 7822 7915 8087 8138 8144 8161 8174 8181 8226 8262 8284 8295 9483 9495 9498 9502 9510 9511 9514 9515 9523 9525 9539 9546 9548 9552 9566 9569 9580 9605 9606 9607 9624 9625 9647 9655 9656 9663 9680 9682 9683 9684 9686 9720 9721 9753 9758 9802 9815 9821 9826 9836 9847 9868 9869 9875 9876 9883 9898 9901 9908 9941 9952 9976 9984 9992 9993 10006 10034 10065 10067 10068 10089 10103 10112 10139 10158 10164 10167 10176 
	}
	manpower=1
	buildings_max_level_factor=1.000
	state_category=town
	history = {
		add_core_of = MUT
		start_resistance = MUT
		set_compliance = 0
		set_resistance = 25
		owner = FRE
		
	}
}
