1 28 10083 68 10012 9969 2009 4844 1548 9982 9949 9974 4395 9998 7890 2747 10125 10159 3776 10195 10235 10271 4235 6024 10290 749 4563 185 10531 10578 
1 4 9899 4005 3745 7890 
1 59 9899 1245 9820 6199 732 9701 9671 5645 1683 7314 7366 9556 9531 7756 4099 9445 2703 9396 2930 9355 5452 5175 3250 5453 3226 3676 9138 1267 5784 5340 6969 1452 6709 8983 238 4534 7441 551 8862 2270 3464 8755 5498 967 5424 7226 8622 5382 8589 1606 4367 8534 8526 7409 5623 6592 592 8433 4811 
1 73 8433 6318 8420 6186 6304 8415 8417 6755 8403 4763 8388 5524 8383 8195 2226 7706 527 8418 2981 4372 8431 4426 8435 7073 6144 1289 1945 8460 2001 2737 2089 8528 5868 1493 5599 8586 8604 8301 7140 8674 3287 5191 7196 8754 8796 5990 8879 8905 8942 8936 8946 6670 3899 7231 6089 7592 8216 4894 8906 4897 4358 8925 2126 4611 4608 7690 6543 2520 3876 3794 5032 8888 8868 
1 6 8829 573 6098 3698 8738 8719 
1 8 6098 4853 5949 228 7605 6232 1134 1707 
1 2 6232 7632 
1 10 6232 8790 2064 8786 7754 8234 6290 8292 7543 8731 
5 2 6918 3251 
1 33 9969 6042 7195 9919 2522 9910 9933 5376 2044 2790 1006 9981 2212 4988 10020 10056 10070 1670 2397 10033 10040 6118 4675 4703 6866 9902 2809 5314 2444 9932 7576 10039 3363 
1 12 9932 4489 9914 7210 254 9890 2321 9942 9958 4721 10055 8102 
1 9 9958 4429 5909 2949 9913 4434 9931 8145 5927 
1 3 4434 9860 2016 
2 26 8145 2624 2096 9996 4827 4133 1210 5104 2932 1101 9744 1438 9704 329 3283 2654 7339 9728 9761 9791 7630 9859 91 5310 2620 6987 
4 4 10003 6691 10110 3585 
4 2 6691 10052 
4 5 9946 7010 1424 1849 10222 
4 2 1424 5474 
1 7 10222 4882 10329 2178 8136 3539 1687 
1 41 10222 2286 396 10273 6611 5156 2934 4448 5140 10449 461 7395 3334 10475 10446 4755 4180 2347 4598 10272 3817 104 10103 3854 6454 10006 2552 8295 7915 5507 9802 7550 4727 2281 8181 3442 9647 7316 9644 119 9641 
1 3 8295 5509 9893 
1 10 2188 6756 8209 4687 6954 9656 2385 8226 2733 8181 
1 29 2188 9548 8262 875 6306 9458 3384 1963 6205 9337 9313 5377 9290 9269 9257 2144 2589 8269 4553 9053 9064 8193 6604 300 9017 3971 7912 9028 2418 
1 34 2418 3149 6408 7737 9033 1651 4477 6180 5060 4983 2968 9084 3330 9139 7151 2060 9206 6933 4335 4761 6171 2423 4185 1772 9419 4819 2778 5795 1807 6500 6395 3986 6058 7457 
1 5 3986 9558 2373 2414 4126 
1 27 9206 1912 5112 5581 9202 937 9210 9187 9186 3152 9189 3893 998 1569 8045 5522 9208 9218 9214 2580 6176 7370 1573 3185 9166 6150 1308 
1 87 1573 6228 4027 7455 7517 9271 911 6223 3033 9256 2861 9215 6820 7105 1192 6383 1723 2198 9119 6420 9147 3016 5211 2764 9130 453 9123 1641 4085 3763 9135 3714 9125 3131 5111 678 1072 6602 9229 7589 9275 7162 9324 3050 901 9399 4187 5322 9385 6443 826 9374 7173 5432 637 7028 5810 3733 717 9394 2993 5710 7097 1517 9383 411 9381 4086 8258 5794 3303 4970 7616 5733 9397 9446 961 2171 9581 5764 5445 5228 4321 7841 5442 3400 4931 
1 9 9215 3223 6317 9131 4259 6219 9156 4733 1308 
1 3 9235 7263 6150 
1 2 7950 3033 
1 2 1978 4259 
3 27 9166 4578 9111 9088 9068 6030 9025 7743 8995 5199 7871 2874 5444 6789 4756 6608 5807 3269 8863 8854 8319 1784 6218 7122 8744 1742 1988 
3 5 7122 8768 3000 8742 1336 
3 3 7743 6155 7536 
3 3 7743 1168 7351 
3 4 7351 4677 4109 3882 
3 13 4109 5700 8908 4968 7877 4618 8828 6139 8769 3342 8772 5934 1336 
1 4 8197 4363 5057 9186 
1 44 9656 4216 9720 1539 4852 6734 9875 320 4520 6509 5546 1625 10206 2327 6644 1263 4904 8050 10625 10672 7987 10748 7703 7586 10889 10987 4745 7199 5283 4449 6494 11387 2731 11486 3902 11633 6533 1765 5648 11841 3544 7413 4382 11970 
1 55 4745 11071 7438 11067 700 11074 5053 6729 11045 6016 5261 3522 11060 1875 291 5660 1913 6332 10837 2875 10844 2305 10787 1976 2926 3405 4460 10631 2799 3024 7220 10472 8337 10564 10609 29 1271 10669 7894 10670 10661 1737 10738 10762 3120 406 2269 6867 5358 7854 1984 11291 7382 11381 6864 
1 2 3183 1036 
1 3 7195 7348 7868 
2 12 873 4860 666 7267 11251 6930 11299 11350 7680 11498 4273 11618 
1 25 8912 2355 8839 8799 4181 8717 2505 4686 8654 2273 2294 7699 6273 8112 8518 1925 8489 5231 4601 1918 8409 4632 8366 1355 605 
1 4 1918 8426 5334 6587 
1 4 5231 4943 5152 576 
1 7 8717 3586 3961 4821 8726 4267 3945 
1 27 8912 7236 8080 4602 2170 9048 7960 9104 2068 7905 2647 9242 9267 9285 8334 4974 9391 9423 2883 3132 7059 1527 5898 9631 2300 2806 5394 
4 2 5394 1428 
1 5 2875 10756 4962 10665 1687 
1 4 1913 6627 5244 4962 
1 3 10472 1261 5956 
1 17 3943 5071 10438 898 3404 5799 10322 6665 6329 10213 3418 7633 2601 5005 3317 2312 10295 
2 14 666 7878 11328 11373 3439 3326 11526 11560 3202 5800 2983 6091 6936 11618 
1 21 7468 7282 5594 739 11892 7300 3512 1258 11924 1951 2574 1553 11923 8005 3289 11868 423 11808 3150 1463 11779 
1 18 423 11802 5958 11705 11662 11644 11622 5881 6829 202 7858 4336 1366 7414 5722 4671 11169 7854 
1 4 4382 1957 2886 5754 
1 2 11841 11825 
1 4 5754 8061 3214 1307 
1 5 1307 12069 6707 2999 12079 
1 17 11970 11996 3704 12012 12036 6526 3744 7842 2435 1596 3166 12063 3896 3395 3176 8236 12052 
1 12 8050 10632 10728 10797 7875 10870 2836 3389 3830 5098 4188 7865 
1 8 7865 4665 11210 3984 93 1432 6167 2370 
1 3 5956 10349 10295 
1 15 8221 5471 3039 9438 819 2004 7963 3307 7365 4318 2340 9658 3158 7636 5194 
1 4 3605 3052 2399 7963 
1 6 3605 4105 416 6450 3015 2761 
1 6 416 5029 5415 5361 9629 5908 
1 4 5471 6815 7417 345 
1 4 3039 8090 7034 74 
1 6 6864 11487 4182 2218 5675 4074 
1 8 5675 2595 11578 11665 4805 1448 11801 1698 
1 4 1698 4090 7213 2893 
1 11 2893 5105 7918 6430 7698 5940 11908 11939 7686 11938 4782 
1 12 4782 2236 11946 3124 11931 759 11952 6679 11937 11962 7821 5754 
1 11 11626 2702 11654 7999 11682 3332 11716 8097 11853 11893 4782 
1 8 11716 11679 1810 11688 2950 11637 8282 1149 
1 5 7468 7634 11598 8158 4182 
1 5 11100 5014 2532 10992 10960 
1 2 8435 2773 
1 2 1234 9008 
1 3 9008 8987 2410 
1 16 1234 5023 3812 9117 1466 6782 9217 1172 3477 6053 4305 9364 4275 9404 79 5505 
1 16 4080 8107 8241 7900 4995 7304 9334 9304 5913 1929 5914 3434 9140 7511 9072 1814 
1 3 8320 8943 2520 
1 6 74 3980 9491 3534 9519 6479 
4 3 3585 7598 1849 
1 2 9875 3353 
1 13 1625 1617 4083 5941 2057 5607 1025 9973 5100 9918 2583 3122 7550 
1 2 9918 8011 
1 6 5060 9057 3747 5440 5481 8997 
1 20 6395 8039 7464 4664 5905 1417 9948 9990 10019 3716 10117 7554 10218 2085 4342 10356 10368 3449 10563 4011 
1 8 4011 10615 10664 10702 8033 8043 4716 10849 
1 5 10849 10832 2892 10876 567 
1 4 567 10834 6517 3482 
1 12 4880 7024 1822 11236 7346 7596 5158 4750 8113 1303 8101 2242 
1 6 2242 8000 8206 11083 11039 5583 
1 16 5583 11011 2283 4857 8141 2739 7866 2332 6828 10955 595 892 4729 7682 10895 2502 
1 5 2502 10903 6437 1519 10980 
1 8 7682 7208 5443 5477 10732 206 10649 10663 
1 8 6944 10864 6076 7830 10713 5122 10624 10663 
1 3 10624 2033 2641 
1 7 2641 10485 3863 10352 6082 7228 10254 
1 7 7228 2289 10174 7849 10175 10197 5793 
1 9 10197 7590 2557 10212 6710 2629 10203 4758 2369 
1 3 4758 10371 6909 
1 5 6909 2957 10437 4662 6189 
1 6 6189 7475 10360 6882 10259 7590 
1 4 6189 3053 10557 10579 
1 8 10579 7488 10588 2449 10688 3261 4245 6809 
1 5 4245 3595 1570 2162 6828 
1 3 4245 3162 1924 
1 4 3162 1085 6310 4131 
1 3 6310 1164 5443 
1 4 10557 10608 4836 1164 
1 11 10608 10587 10571 10607 4887 4191 2472 6948 1999 10569 10485 
1 6 10663 7608 3966 4783 2121 6076 
1 4 4667 11027 11038 11044 
1 8 5717 11828 5034 7993 11766 1755 3336 1789 
1 7 7127 8051 427 11530 7498 11594 1789 
1 10 7127 5542 6425 7206 5761 7847 11495 5491 11457 5783 
1 17 5783 154 11374 11343 4424 8188 4388 2941 8308 409 11156 3869 4915 7607 10999 3454 10922 
1 6 10360 302 10353 6348 3108 10371 
1 4 3984 11173 3939 11109 
1 11 2055 2238 7974 4799 2158 11520 7712 3407 4315 7561 11686 
1 10 12114 12090 5917 12032 6390 2656 11889 7309 5234 11764 
1 17 11764 11726 7802 5963 11572 11521 11480 11428 11366 11312 11279 11229 6456 11157 11113 11072 2478 
1 3 2478 5197 6326 
1 3 10578 3748 6240 
4 7 9837 9886 9959 10120 5412 140 2201 
5 12 2201 5010 1302 670 7280 10347 378 7914 7023 5819 3664 3251 
4 5 6918 10340 1222 5125 3183 
1 6 3183 6506 10372 6062 5631 10290 
1 6 8417 5235 7744 5274 2758 4815 
1 4 11686 11683 4519 7802 
1 3 11665 3978 11643 
1 3 11937 11891 2046 
1 2 11962 8228 
1 4 11841 8142 6432 11834 
1 2 6432 3302 
1 3 11834 2938 4421 
1 2 4727 9769 
1 6 12052 12021 3479 4879 3193 6280 
1 6 6280 4516 3862 2645 5959 11769 
1 7 2370 11463 2292 11525 6333 1914 2645 
1 10 4633 2677 328 7964 2808 3757 11557 941 6210 4585 
1 6 11557 3654 11648 4097 3263 5959 
1 9 11769 5530 11852 5113 7521 4028 2898 2395 3193 
1 8 5113 7755 3320 2732 7985 5488 12018 2006 
1 5 5488 3014 11881 11856 4633 
1 10 11856 4192 11839 11872 2325 7970 1416 3738 4529 11878 
1 4 2006 2031 12001 6712 
1 4 6712 12004 1491 5715 
1 3 5715 2431 12028 
1 5 12028 1436 5547 5817 11979 
1 3 11979 12008 12041 
1 5 12041 12034 7111 1704 7785 
1 4 7785 11927 11902 5136 
1 3 5136 7265 11877 
1 5 11877 7662 578 1135 11925 
1 3 11925 3107 5717 
1 3 3738 11793 11732 
1 7 3823 1265 3629 11176 11183 2456 2313 
1 8 7557 2908 1834 2741 11193 3305 11107 3823 
1 3 7557 8093 4373 
1 6 7557 2708 11369 1522 11397 7528 
1 4 7528 4444 3829 11234 
1 2 11234 2313 
1 7 2313 4744 11090 1462 3421 1323 6069 
1 8 6069 7033 1156 10680 7109 10691 3608 7183 
1 7 7183 7545 4823 10413 10354 10288 3361 
1 6 2410 7524 8910 5523 1521 5949 
1 5 7536 6916 5579 8801 5934 
1 2 7457 4054 
1 5 5442 9882 9907 9911 4914 
1 9 961 9466 4829 327 7585 3129 4868 3864 7783 
1 10 4868 7759 9687 9735 7775 4712 1481 9874 5021 9882 
1 4 9911 9939 7800 5379 
1 24 4914 3485 10024 6766 10145 741 10270 6404 10436 5976 5204 718 3964 2655 2276 2440 5974 6575 3857 2585 8068 2812 5074 10922 
1 7 10922 3796 3394 10839 4863 8057 3231 
1 6 3231 1708 2430 10856 10877 2610 
1 13 2610 7501 10734 434 7403 5863 2529 3616 10553 10604 4784 702 1890 
1 4 4667 10986 4810 6839 
1 3 1890 6525 1479 
1 5 1479 10668 10694 2265 5894 
1 5 5894 10682 2017 10644 2976 
1 9 2017 1111 10549 5168 8204 5593 7707 4337 6798 
1 8 4337 4219 5015 6842 1062 6754 5545 7814 
1 3 7814 36 7228 
1 14 4219 6005 6732 10077 862 10122 4445 6165 7353 5255 7043 2751 7331 6449 
1 7 5593 3215 3153 5897 10318 4079 10383 
1 6 5168 5252 10519 4711 7465 2265 
1 6 10644 4579 10749 10772 10836 6839 
1 5 5894 7797 1529 10848 3160 
1 8 1529 5046 5354 10878 7271 3950 1544 2610 
1 4 2273 8609 4120 8615 
1 9 3361 5454 7463 6446 6499 4036 3921 9925 7451 
1 12 4036 4345 9867 9838 6300 7899 4883 3410 4049 9619 6266 9574 
1 14 7545 7041 1631 5703 10552 3337 3484 802 5011 7187 6512 4732 7336 10589 
1 13 10589 64 10478 3029 242 10278 5622 7433 5911 452 1338 3373 9907 
1 8 3801 3623 10453 10505 5018 10562 3040 10589 
1 16 3485 8323 5222 7274 964 9748 1763 6438 4044 9591 7893 8009 4556 5293 785 411 
1 2 6525 3094 
1 29 2580 9244 2197 6416 2168 4584 9376 5114 1130 5319 9507 9524 194 7013 4925 9628 9659 9699 9737 3929 7907 4144 1811 9934 2010 10045 3488 10101 7590 
1 4 2389 4100 11469 3326 
1 12 10881 7840 6486 11068 11100 873 11189 11222 5102 11294 11331 2389 
1 17 10881 8117 10812 10808 4537 471 2689 8014 2517 2062 4228 1546 4691 1769 2671 699 8102 
1 2 10732 1677 
1 2 2472 10544 
1 7 2449 1197 5639 2890 10492 10506 10528 
1 4 4756 8837 5133 7122 
1 6 8837 8843 2666 8814 6497 8801 
1 6 8814 1760 2547 7039 8939 7871 
1 7 8939 8933 7536 882 8904 8918 8908 
1 3 4373 5687 11420 
1 9 11044 7398 322 11344 7722 594 11478 5246 1789 
1 6 1491 8347 805 924 7260 3738 
1 9 5715 7504 2969 2025 4045 12134 4540 8224 6051 
1 9 8224 4280 5865 3811 12130 2372 12103 7322 12041 
1 5 12130 7235 7222 12138 12152 
1 2 12138 1391 
1 2 1391 3339 
1 9 12152 3614 12175 2695 12182 5396 12158 4535 2331 
1 4 4535 4987 4018 6643 
1 10 4018 3948 5848 6212 2699 969 11983 5869 11910 11877 
1 8 3948 12123 6923 8133 3196 12085 794 12078 
1 6 12085 4496 12027 11993 552 3107 
1 6 4633 5336 11773 2872 6211 7755 
1 2 3320 6211 
4 7 6987 5249 1428 4927 10003 1331 9946 
4 4 1424 10123 6399 10110 
1 2 3568 10756 
1 6 5194 5178 4473 9879 3740 9981 
1 4 1546 10412 7895 5295 
1 6 2055 7327 2724 4779 4416 7680 
1 11 6326 11047 3462 6558 6279 8165 11219 1942 11214 1167 5858 
1 12 6240 3186 10737 10752 7903 2821 7581 842 5150 5360 7137 6326 
1 14 6240 10730 7897 10754 6462 10851 3746 4371 8213 7259 2287 5883 8210 11172 
1 2 9998 5192 
1 6 1814 9009 8164 3513 1862 8320 
1 6 7788 12064 12049 6887 12074 12090 
1 7 7788 12104 12075 12095 12080 5702 12109 
1 6 5188 11935 5333 12038 12065 12095 
1 3 11768 2977 11823 
1 4 11823 11858 11883 11935 
1 8 11823 5595 7064 3659 1489 5888 3998 11429 
1 2 11429 11472 
1 3 5858 11321 4122 
1 4 5858 1836 11337 5419 
1 20 5419 4059 7540 2441 11410 1660 4264 5541 11489 8259 7493 5987 3027 11430 11473 11511 1533 11575 11532 8311 
1 10 8311 3580 2341 1574 6765 11264 8201 2567 11220 8210 
1 8 11172 2944 11265 2528 7677 3754 5421 8311 
1 9 12051 1112 4425 11976 2084 1187 11890 3684 7971 
1 7 7971 2565 7718 3637 11707 6154 4155 
1 3 6154 3537 1533 
1 8 7158 5797 11974 11972 6747 8212 12055 2402 
1 7 12055 2862 4287 12110 12118 12125 12109 
1 6 6747 225 11971 11966 4933 5188 
1 7 7158 8132 1935 11918 11928 11901 7971 
1 5 11918 7078 11884 6372 8132 
1 4 7545 1903 721 10524 
1 5 1822 7181 11247 5750 6344 
1 3 11773 3560 5530 
1 4 11773 4605 5223 7964 
1 5 5223 11676 8317 994 4097 
1 2 2761 3158 
1 2 8764 8754 
1 23 10389 10369 10392 10427 4683 5243 2490 4253 7758 5658 7679 1852 10829 10850 6770 3953 7523 1655 3491 11052 2493 11094 3368 
1 6 9009 3401 4655 5013 6457 9008 
1 9 2016 1609 2217 9694 1879 2454 9577 9553 5505 
1 6 4080 4295 9562 3590 1097 6479 
1 5 3943 2145 7571 2974 5295 
1 5 10389 10304 7125 6976 10083 
1 5 1436 534 1403 3290 12130 
1 5 11109 5813 3403 10939 3482 
1 4 9574 1872 689 160 
1 7 160 6411 7531 9429 1461 3172 4417 
1 9 6411 9459 9454 9455 6668 6835 9460 7005 9439 
