1 185 
1 254 
1 423 
1 567 
1 666 
1 802 
1 937 
1 1271 
1 1307 
1 1308 
1 1336 
1 1448 
1 1677 
1 1683 
1 1685 
1 1698 
1 1707 
1 1841 
1 1875 
1 1924 
1 1976 
1 1982 
1 1988 
1 2016 
1 2057 
1 2121 
1 2332 
1 2369 
1 2373 
1 2389 
1 2402 
1 2502 
1 2580 
1 2585 
1 2610 
1 2641 
1 2689 
1 2733 
1 2773 
1 2923 
1 2976 
1 3094 
1 3160 
1 3269 
1 3302 
1 3315 
1 3353 
1 3363 
1 3404 
1 3482 
1 3539 
1 3568 
1 3585 
1 3605 
1 3738 
1 3757 
1 3823 
1 3882 
1 4027 
1 4028 
1 4074 
1 4085 
1 4100 
1 4131 
1 4155 
1 4246 
1 4691 
1 4745 
1 4756 
1 4815 
1 4880 
1 4931 
1 5014 
1 5060 
1 5136 
1 5175 
1 5188 
1 5192 
1 5194 
1 5249 
1 5295 
1 5379 
1 5394 
1 5432 
1 5442 
1 5444 
1 5546 
1 5700 
1 5754 
1 5793 
1 5794 
1 5858 
1 5894 
1 5927 
1 5956 
1 6030 
1 6167 
1 6326 
1 6344 
1 6420 
1 6449 
1 6587 
1 6756 
1 6798 
1 6809 
1 6838 
1 6839 
1 6909 
1 6918 
1 6944 
1 6969 
1 7127 
1 7158 
1 7226 
1 7351 
1 7353 
1 7468 
1 7528 
1 7536 
1 7557 
1 7632 
1 7633 
1 7785 
1 7788 
1 7802 
1 7854 
1 7868 
1 7877 
1 7907 
1 7912 
1 7971 
1 8011 
1 8050 
1 8102 
1 8165 
1 8221 
1 8228 
1 8311 
1 8320 
1 8323 
1 8420 
1 8592 
1 8717 
1 8719 
1 8764 
1 8769 
1 8854 
1 8995 
1 8997 
1 9206 
1 9215 
1 9229 
1 9235 
1 9376 
1 9397 
1 9641 
1 9704 
1 9769 
1 9837 
1 9838 
1 9893 
1 9899 
1 9946 
1 9982 
1 10020 
1 10083 
1 10222 
1 10235 
1 10254 
1 10367 
1 10383 
1 10524 
1 10528 
1 10544 
1 10553 
1 10578 
1 10649 
1 10663 
1 10688 
1 10980 
1 11172 
1 11210 
1 11420 
1 11472 
1 11486 
1 11489 
1 11618 
1 11626 
1 11768 
1 11877 
1 11970 
1 11979 
1 12001 
1 12028 
1 12051 
1 12114 
1 12189 
1 12215 
